(Transform "BSplineTransform")
(NumberOfParameters 338)
(TransformParameters 0.006576 0.142128 0.211242 -0.339467 -1.685432 -3.475978 -5.210143 -5.903831 -4.988686 -3.249891 -1.661465 -0.730627 0.252097 -0.306554 2.522545 4.864680 6.369599 5.419078 1.439147 -6.495113 -12.587896 -11.918631 -7.324885 -3.616134 -2.222212 -0.024162 -0.636572 3.925380 8.049916 12.527467 13.860908 10.314780 0.363731 -12.860078 -16.196003 -5.892676 -2.511917 -2.525015 -0.464621 -1.255159 4.361560 9.577349 15.917413 22.734955 22.126743 8.381202 -8.277299 -7.132897 -2.172610 -2.514513 -2.698663 -0.760631 -2.207855 3.245607 9.485222 17.541354 26.337696 28.283158 13.496187 2.398933 1.482411 -4.607386 -2.893643 -2.103646 -0.622755 -3.414612 0.928155 9.690346 19.365847 22.871412 21.066669 14.580559 7.104907 0.092591 -7.772890 -0.727988 0.670500 -0.007991 -4.741754 -3.661457 5.235074 19.790532 22.614135 18.308558 11.780487 5.718209 3.901535 -2.367176 -0.655591 3.042232 0.739451 -5.208454 -7.077147 -3.638545 9.834916 15.560991 16.533476 10.025502 3.795224 5.066677 5.941811 8.444059 5.536829 1.408661 -4.191782 -5.854104 -2.722602 0.134193 6.522115 11.342960 4.921417 1.684394 3.902611 11.483203 10.428006 6.560346 1.788260 -2.733310 -3.334408 -1.391699 -8.768796 -6.555185 5.773082 4.512601 3.379982 0.818330 3.062190 5.700478 4.998607 1.591641 -1.581811 -2.528030 -2.165515 -7.557612 -7.031351 0.255118 0.867891 1.291529 -2.616362 -5.431907 0.835032 1.703750 0.686273 -0.973162 -3.139650 -4.993609 -5.910292 -5.473544 -3.298342 -1.853923 -0.814270 -0.238528 2.806911 -0.034664 -1.506199 -0.422794 0.099296 -0.899785 -1.948405 -2.561711 -2.502758 -2.224511 -1.959479 -2.068680 -2.614794 -2.949202 -3.253676 -2.992136 -0.955412 0.124468 -0.585702 -1.045295 -1.699966 -2.099389 -1.513347 0.798847 3.429337 4.694657 4.376078 3.009517 1.481170 -0.293174 0.152145 -1.341282 -2.150896 -3.893054 -5.720927 -5.438007 0.700333 7.506347 9.480963 7.365266 4.355234 2.188044 -0.529636 -0.038978 -1.579479 -2.062887 -3.527610 -7.106234 -7.650901 -2.311657 2.819787 6.184058 1.309218 0.811033 1.191584 -0.311147 -0.405428 -2.957259 -4.806157 -6.274285 -9.697035 -10.310788 -6.291503 -2.564658 -7.215362 -5.981252 -1.538346 0.161819 -0.091730 -0.957189 -5.605963 -10.103901 -12.111983 -10.275358 -10.017252 -8.812585 -8.256794 -7.994333 1.312440 -1.785823 -0.780127 -0.042231 -1.705808 -8.577868 -15.325855 -23.378253 -24.456388 -19.043590 -13.065604 -8.099429 -2.895814 2.225846 -3.743507 -2.472972 -0.165994 -2.819736 -10.393897 -14.501008 -21.278913 -24.732253 -21.770488 -12.454567 -5.814370 -7.415337 -5.964268 -7.255209 -3.565429 -0.236157 -3.699422 -10.432830 -9.130404 -5.536890 -7.679061 -8.772874 -4.671967 -2.293594 -8.862659 -10.641333 -6.825332 -4.089376 -0.388530 -3.759935 -9.015368 -5.888478 -2.133782 -0.114565 -2.438135 -1.547228 -2.246357 -10.983216 -19.600361 -11.666739 -5.412562 -0.732581 -3.216776 -7.215890 -5.790447 -2.982153 -2.738340 -5.685974 -4.223913 -4.070565 -7.716012 -12.979337 -9.379616 -5.165854 -0.998814 -2.252340 -5.030095 -5.056280 -2.328998 -3.777523 -7.186021 -5.167026 -0.108995 -1.278169 -1.623098 -3.413213 -3.479289 -0.919984 -1.247622 -2.825458 -2.923652 -3.086720 -3.750946 -4.265827 -2.420905 1.184521 0.639451 0.266069 -0.649954 -1.449937 -0.556520 0.052516 0.095540 0.067509 -0.166838 -0.500979 -0.665923 -0.088886 0.770784 1.162442 1.197114 0.837497 0.348898 -0.018918)
(InitialTransformParametersFileName "./TransformParameters.0.txt")
(UseBinaryFormatForTransformationParameters "false")
(HowToCombineTransforms "Compose")

// Image specific
(FixedImageDimension 2)
(MovingImageDimension 2)
(FixedInternalImagePixelType "float")
(MovingInternalImagePixelType "float")
(Size 300 300)
(Index 0 0)
(Spacing 1.0000000000 1.0000000000)
(Origin 0.0000000000 0.0000000000)
(Direction 1.0000000000 0.0000000000 0.0000000000 1.0000000000)
(UseDirectionCosines "true")

// BSplineTransform specific
(GridSize 13 13)
(GridIndex 0 0)
(GridSpacing 36.7800228593 27.7535931735)
(GridOrigin -75.9639137178 -25.2536081277)
(GridDirection 1.0000000000 0.0000000000 0.0000000000 1.0000000000)
(BSplineTransformSplineOrder 3)
(UseCyclicTransform "false")

// ResampleInterpolator specific
(ResampleInterpolator "FinalBSplineInterpolator")
(FinalBSplineInterpolationOrder 3)

// Resampler specific
(Resampler "DefaultResampler")
(DefaultPixelValue 0.000000)
(ResultImageFormat "nii")
(ResultImagePixelType "float")
(CompressResultImage "false")
